15
-1
67
60
43
16
24
60
47
21
51
79
47
42
38
50
100
-1
46
95
37
9
83
54
21
19
79
54
89
41
8
99
96
-1
83
43
28
90
76
6
41
85
13
71
88
26
90
12
63
-1
18
35
27
90
95
95
67
86
78
57
7
95
13
74
59
-1
82
18
59
92
77
95
86
6
74
49
98
32
12
92
78
-1
22
1
96
24
5
34
55
23
85
5
36
86
68
64
94
-1
35
13
88
80
5
63
54
82
12
27
79
84
72
96
4
-1
1
54
70
30
81
12
18
53
76
55
94
29
71
43
39
-1
18
32
71
31
63
17
15
78
55
45
4
14
68
26
60
-1
80
8
91
42
16
32
58
56
34
23
89
82
44
34
25
-1
3
35
68
61
22
18
28
21
73
67
29
97
44
14
49
-1
56
25
64
35
20
84
61
3
54
81
98
59
84
1
78
-1
83
0
29
8
25
33
35
27
25
92
19
38
47
64
31
-1
12
25
16
41
100
96
83
52
74
83
35
52
97
63
77
-1
