15
-1
61
21
51
51
21
86
65
71
90
70
92
67
52
91
71
-1
89
5
51
55
92
1
91
32
100
18
28
21
4
57
30
-1
73
81
19
37
11
67
52
73
45
74
66
19
53
91
78
-1
45
89
29
58
49
3
93
97
93
74
0
3
33
41
5
-1
84
95
4
18
90
12
32
45
54
38
14
95
62
74
8
-1
81
41
84
5
27
36
35
39
1
36
69
62
44
63
97
-1
52
57
22
67
52
10
75
30
21
33
31
84
10
44
95
-1
34
1
85
49
44
29
41
49
95
13
52
55
17
75
65
-1
29
68
5
18
2
58
89
16
65
32
65
42
69
70
79
-1
42
45
15
74
19
95
82
64
5
28
82
27
51
54
62
-1
31
9
48
69
31
27
20
89
28
39
29
60
29
90
41
-1
81
33
64
31
81
29
84
16
3
24
95
11
8
25
55
-1
12
37
35
46
19
72
58
75
98
64
33
30
34
96
43
-1
11
84
67
92
37
92
31
4
64
3
24
55
38
49
59
-1
