20
-1
18
62
43
47
13
40
84
61
15
91
13
16
55
66
90
86
25
8
32
7
-1
8
94
38
2
78
86
79
2
40
45
72
41
20
10
49
88
66
37
96
92
-1
13
57
90
89
65
41
50
31
94
52
84
32
51
4
43
75
46
87
27
59
-1
13
58
40
65
56
9
12
39
38
76
74
32
70
50
83
95
13
5
44
12
-1
1
10
0
55
20
15
7
87
99
28
7
60
21
71
66
72
65
65
12
88
-1
17
94
72
96
98
47
1
86
65
95
88
56
21
32
18
55
21
16
14
45
-1
19
88
15
5
93
8
23
93
45
73
46
50
56
50
84
70
13
26
84
41
-1
30
64
77
34
82
40
9
51
52
16
15
70
18
46
39
44
33
68
27
72
-1
11
50
1
99
27
29
64
9
51
28
35
26
44
10
89
33
61
96
7
59
-1
14
10
42
17
21
41
45
60
23
8
78
61
3
14
40
68
30
75
8
71
-1
89
92
21
73
42
74
13
3
41
10
16
22
68
11
100
49
57
79
98
32
-1
37
53
43
27
30
76
87
68
52
91
76
7
95
76
88
56
34
58
65
38
-1
11
19
14
94
27
96
91
58
81
24
25
81
95
24
85
99
30
73
5
86
-1
16
0
28
12
66
22
17
63
99
65
32
19
21
22
49
68
17
64
55
52
-1
99
99
59
74
72
64
26
87
15
54
33
88
60
87
53
5
39
53
18
50
-1
37
11
94
58
29
58
73
72
12
43
80
67
88
85
70
18
87
100
10
40
-1
92
95
59
98
4
41
46
42
12
95
51
5
1
66
99
68
14
93
96
58
-1
65
77
94
35
82
8
61
27
36
52
49
90
95
84
18
33
85
91
21
97
-1
68
54
13
82
77
79
82
74
55
84
58
54
59
75
21
15
78
32
27
46
-1
