15
-1
71
3
1
59
83
53
99
87
50
19
42
82
47
10
99
-1
55
62
4
61
58
45
76
67
63
28
88
72
53
51
4
-1
29
30
23
67
92
33
2
10
97
57
51
20
52
3
25
-1
6
23
82
38
16
11
46
92
50
55
69
70
27
2
95
-1
23
29
43
22
60
34
27
47
60
82
42
36
1
89
85
-1
70
85
97
7
95
20
57
15
3
44
64
41
64
22
35
-1
55
50
46
42
95
17
51
80
15
25
98
12
80
25
21
-1
31
78
21
40
0
96
48
12
29
25
52
65
25
12
63
-1
15
56
54
13
16
58
58
55
86
88
26
42
91
22
45
-1
87
63
16
24
4
87
50
5
15
60
12
33
13
22
14
-1
1
47
80
75
58
64
62
14
66
73
55
28
54
7
38
-1
47
60
98
36
19
66
25
9
87
92
93
4
44
7
32
-1
56
98
40
7
31
18
7
13
50
73
90
95
92
97
84
-1
98
20
56
65
61
24
42
47
9
52
88
55
37
70
14
-1
